>AHR_1.motif	AHR_1.motif	0.181487
0	0.67	0.22	0.11
0	0.67	0	0.33
0	0.56	0.11	0.33
0	0.78	0.22	0
0.22	0.33	0.33	0.11
0.35	0.06	0.46	0.13
0.2	0.09	0.33	0.37
0.07	0.42	0.29	0.22
0.01	0	0.47	0.51
0.17	0.6	0.06	0.17
0.01	0	0.99	0
0	0.51	0	0.49
0	0	1	0
0.14	0.22	0.05	0.59
0	0	1	0
0.67	0.11	0.11	0.11
0.11	0.33	0.56	0
0.67	0	0	0.33
>AIRE_1.motif	AIRE_1.motif	5.68515
0.045	0	0.886	0.068
0	0	0.818	0.182
0.318	0.045	0.023	0.614
0.386	0.091	0.023	0.5
0.364	0.136	0.136	0.364
0.341	0.068	0.136	0.455
0.523	0.091	0.136	0.25
0.386	0.045	0.068	0.5
0.227	0.136	0.068	0.568
0	0.023	0.886	0.091
0	0	0.977	0.023
0.227	0.091	0.25	0.432
0.068	0.182	0.182	0.568
0.455	0.023	0.159	0.364
>ALX1_2.motif	ALX1_2.motif	5.42036
0.13	0.07	0.04	0.76
0.81	0.03	0.08	0.09
0.94	0.02	0.01	0.03
0.08	0.2	0.04	0.67
0.05	0.35	0.17	0.44
0.12	0.35	0.07	0.46
0.7	0.09	0.18	0.04
0.9	0.02	0.06	0.02
0.02	0.01	0.02	0.96
0.12	0.07	0.02	0.79
0.82	0.01	0.07	0.1
>ALX3_1.motif	ALX3_1.motif	6.4
0.09	0.01	0.03	0.87
0.86	0.03	0.06	0.06
0.98	0	0.01	0.01
0.02	0.01	0.03	0.93
0.06	0.06	0.05	0.82
0.55	0.03	0.34	0.08
>ALX3_2.motif	ALX3_2.motif	5.2147
0.14	0.07	0.01	0.78
0.87	0.01	0.04	0.08
0.99	0	0	0
0.04	0.17	0.02	0.78
0.04	0.37	0.08	0.51
0.28	0.23	0.16	0.32
0.67	0.12	0.19	0.03
0.87	0.04	0.07	0.03
0	0.01	0	0.99
0.12	0.07	0.01	0.8
0.85	0.02	0.04	0.09
>ALX4_1.motif	ALX4_1.motif	5.44456
0.16	0.08	0.02	0.74
0.84	0.02	0.07	0.07
0.99	0	0	0
0.06	0.19	0.03	0.72
0.05	0.36	0.1	0.48
0.31	0.25	0.17	0.27
0.63	0.13	0.2	0.04
0.85	0.04	0.08	0.03
0	0.01	0	0.99
0.12	0.12	0.01	0.74
0.85	0.02	0.04	0.09
>AR_1.motif	AR_1.motif	4.53723
0.33	0.05	0.55	0.08
0.07	0.01	0.88	0.05
0.36	0.14	0.14	0.36
0.86	0.02	0.05	0.08
0	0.98	0.02	0
0.77	0.01	0.1	0.11
0.11	0.4	0.22	0.27
0.22	0.3	0.23	0.24
0.29	0.22	0.37	0.12
0.06	0.13	0.01	0.8
0	0.01	0.98	0
0.02	0.01	0.02	0.95
0.33	0.1	0.15	0.43
0.02	0.96	0	0.01
0.03	0.51	0.01	0.44
>ARID2_1.motif	ARID2_1.motif	5.24
0	0	1	0
0	0	0	1
0	0	0	1
0.23	0	0.76	0
0	1	0	0
0.01	0.47	0.01	0.51
0.9	0.03	0.03	0.03
>ARID3A_2.motif	ARID3A_2.motif	6.21
0.61	0.05	0.25	0.1
1	0	0	0
0	0	0	1
0.02	0.17	0	0.81
1	0	0	0
1	0	0	0
0.79	0	0.02	0.2
>ARID3B_1.motif	ARID3B_1.motif	5.6
0.96	0	0.02	0.02
0.02	0.03	0.02	0.93
0.17	0.37	0.05	0.4
0.74	0.06	0.11	0.09
0.67	0.1	0.11	0.12
0.55	0.1	0.16	0.19
>ARID3B_2.motif	ARID3B_2.motif	6.02
0.57	0.13	0.08	0.23
0.09	0.07	0.06	0.78
0	0.06	0	0.94
0.99	0	0	0.01
0.94	0	0	0.06
0.04	0	0	0.96
0.13	0.33	0.04	0.5
>ARID5A_1.motif	ARID5A_1.motif	5.468
0.93	0.02	0.02	0.02
0.63	0.12	0.13	0.12
0.14	0.21	0.13	0.52
0.69	0.04	0.15	0.12
0.59	0.03	0.01	0.38
0.03	0.07	0.01	0.9
0.51	0.07	0.13	0.28
>ARID5B_1.motif	ARID5B_1.motif	5.29587
0.6	0.2	0.2	0
0.6	0	0	0.4
0	0.5	0.33	0.17
0.12	0.52	0.12	0.22
0.6	0.2	0.07	0.13
0.07	0.6	0.2	0.13
0.93	0.03	0.03	0
0.93	0	0.07	0
0	0.1	0.03	0.87
0.97	0.03	0	0
0.03	0.7	0.07	0.2
0.27	0.4	0.07	0.27
0.5	0.3	0.2	0
0.57	0.23	0.2	0
>ARNT_1.motif	ARNT_1.motif	5.967
0.16	0.08	0.22	0.54
0.1	0.9	0	0
0.98	0	0.03	0
0.06	0.83	0.02	0.09
0.37	0	0.63	0
0	0.5	0	0.5
0	0	1	0
0.23	0.13	0.06	0.58
0.05	0.2	0.56	0.18
>ARNT2_1.motif	ARNT2_1.motif	5.7845
0.083	0.193	0.586	0.138
0.11	0.497	0	0.393
0.11	0.558	0.331	0
0.166	0.276	0	0.558
0.11	0.393	0.331	0.166
0.061	0.883	0	0.055
0	0.945	0.055	0
0.945	0.055	0	0
0	0.945	0.055	0
0.117	0.221	0.663	0
0.221	0.331	0.282	0.166
0.138	0.586	0.083	0.193
>ARNT_2.motif	ARNT_2.motif	6.24
0.01	0.98	0	0.01
0.96	0.01	0	0.02
0.04	0.89	0.03	0.05
0.04	0.01	0.95	0
0.08	0.86	0.03	0.02
0.57	0.12	0.19	0.13
>ARNTL_1.motif	ARNTL_1.motif	-1.93079
0.04	0	0.89	0.07
0.14	0.06	0.78	0.03
0.21	0	0.09	0.69
0	0.98	0	0.02
0.99	0	0.01	0
0	0.99	0.01	0
0	0	1	0
0	0	0	1
0	0	1	0
0.89	0.01	0.09	0
0.03	0.84	0.04	0.08
0.19	0.36	0.16	0.29
0.08	0.67	0.25	0
>ARNTL2_1.motif	ARNTL2_1.motif	4.912
0.15	0.12	0.7	0.04
0.03	0.02	0.15	0.8
0	1	0	0
0.98	0.01	0	0.01
0	0.98	0	0.01
0.02	0	0.97	0
0.03	0.03	0.03	0.92
0	0	0.97	0.02
>ARX_1.motif	ARX_1.motif	5.1372
0.15	0.05	0.02	0.78
0.87	0.01	0.06	0.06
0.98	0	0.01	0
0.06	0.1	0.03	0.82
0.04	0.29	0.08	0.59
0.36	0.18	0.2	0.26
0.67	0.06	0.25	0.02
0.88	0.02	0.08	0.03
0.01	0.02	0.01	0.97
0.12	0.08	0.01	0.79
0.87	0.01	0.03	0.08
>ASCL2_1.motif	ASCL2_1.motif	4.621
0.673	0.102	0.179	0.045
0.374	0.12	0.503	0.003
0.01	0.986	0.001	0.003
0.95	0.001	0.001	0.048
0.02	0.066	0.862	0.052
0.01	0.98	0.007	0.003
0.013	0.001	0.001	0.985
0.001	0.003	0.989	0.007
0.019	0.642	0.047	0.293
0.094	0.279	0.077	0.55
>ATF1_1.motif	ATF1_1.motif	5.537
0.01	0.02	0.01	0.96
0.01	0.01	0.88	0.1
0.94	0	0.03	0.03
0.01	0.86	0.05	0.08
0.09	0.03	0.87	0.01
0.04	0.12	0	0.84
0.2	0.6	0.15	0.05
0.8	0.09	0.07	0.04
>ATF2_1.motif	ATF2_1.motif	1.0231
0	0.29	0.57	0.14
0.07	0.07	0.02	0.84
0.01	0	0.29	0.7
0.93	0	0.07	0
0	0.96	0	0.04
0	0	1	0
0	0	0	1
0.41	0.58	0	0
1	0	0	0
0.14	0.57	0.29	0
0	0.43	0.29	0.29
>ATF3_1.motif	ATF3_1.motif	4.71206
0.17	0.26	0.52	0.05
0.06	0.27	0.12	0.54
0.01	0.79	0.15	0.05
0.96	0	0.04	0.01
0	0.92	0	0.08
0.02	0.01	0.96	0
0	0	0	1
0	0.21	0.78	0
0.91	0.02	0.07	0.01
0	0.77	0.04	0.18
0.09	0.55	0.19	0.17
>ATF4_1.motif	ATF4_1.motif	-0.031257
0.57	0.12	0.14	0.17
0.23	0.06	0.55	0.16
0.15	0.16	0.48	0.21
0.73	0.16	0.11	0
0	0	0	0.99
0.01	0	0.98	0.01
0.98	0	0	0.02
0	0.39	0.01	0.6
0	0	0.99	0
0.03	0.87	0.01	0.09
0.98	0.02	0	0
0.99	0	0	0
0	0.21	0.05	0.74
0.45	0.39	0.09	0.06
>ATF5_1.motif	ATF5_1.motif	4.64582
0.148	0.62	0.03	0.203
0.03	0.416	0.118	0.436
0	0	0	1
0	0.948	0.026	0.026
0.089	0.03	0.03	0.852
0.085	0.384	0.026	0.505
0	0.97	0	0.03
0.059	0.941	0	0
0.085	0	0	0.915
0.059	0.03	0.026	0.885
0.601	0.096	0.06	0.243
>ATF6_1.motif	ATF6_1.motif	-1.0537
0	0.9	0	0.1
0	0.9	0.1	0
1	0	0	0
0	1	0	0
0	0	1	0
0.02	0	0.02	0.96
0	0.98	0.02	0
0.98	0	0.02	0
0.05	0.46	0.4	0.09
0.14	0.6	0.26	0
0.46	0.32	0.22	0
0.05	0.58	0.18	0.18
>ATF7_1.motif	ATF7_1.motif	-3.635
0.82	0.02	0.16	0
0	0	0	1
0	0	0.92	0.08
1	0	0	0
0	0.99	0	0
0	0	0.99	0
0	0	0	0.99
0.12	0.88	0	0
1	0	0	0
0	0.27	0.02	0.71
>ATOH1_1.motif	ATOH1_1.motif	5.2996
0.52	0.06	0.39	0.03
0.39	0.37	0.22	0.01
0.01	0.98	0	0
0.98	0.01	0.01	0
0.01	0	0.61	0.38
0.62	0.38	0	0
0.07	0	0	0.92
0	0	0.99	0.01
0.01	0.17	0.62	0.2
0.05	0.49	0.05	0.41
>ATOH7_1.motif	ATOH7_1.motif	5.51999
0.22	0.09	0.57	0.13
0.04	0.37	0.22	0.37
0.14	0.05	0.75	0.05
0.3	0.21	0.2	0.29
0	1	0	0
0.98	0	0	0.02
0	0.01	0.7	0.29
0.43	0.19	0.34	0.03
0.03	0.02	0	0.95
0	0	1	0
0.03	0.14	0.5	0.33
0.04	0.34	0.17	0.45
>ATOH7_2.motif	ATOH7_2.motif	5.57
0.59	0.25	0.13	0.03
0.02	0.98	0	0
0.98	0.01	0.02	0
0.01	0	0.1	0.89
0.92	0.08	0	0
0.01	0	0	0.99
0	0	0.98	0.01
>ATOH8_1.Infer.motif	ATOH8_1.Infer.motif	5.186
0.455	0.182	0.318	0.045
0.273	0.591	0.136	0
0	1	0	0
1	0	0	0
0	0.636	0.091	0.273
0	1	0	0
0	0.045	0	0.955
0	0	1	0
0.045	0.182	0.318	0.455
>BACH1_1.motif	BACH1_1.motif	1.72763
0.49	0.06	0.09	0.36
0.34	0.16	0.17	0.33
0.31	0.25	0.27	0.16
0.12	0.17	0.07	0.64
0.06	0.08	0.83	0.03
0.2	0.74	0.06	0
0.01	0.04	0	0.96
0	0	0.98	0.02
0.95	0.01	0	0.04
0	0.15	0.84	0.01
0	0	0	1
0.02	0.98	0	0
0.99	0	0	0
0.05	0.26	0.07	0.62
0.1	0.23	0.54	0.13
0.14	0.33	0.4	0.13
0.07	0.21	0.09	0.64
>BACH2_1.motif	BACH2_1.motif	5.1746
0.091	0.5	0.318	0.091
0.385	0.077	0.5	0.038
0	0	0.077	0.923
0	0	0.962	0.038
0.692	0.231	0.038	0.038
0.077	0	0.923	0
0.038	0	0.038	0.923
0.077	0.885	0.038	0
0.955	0	0.045	0
0.1	0.25	0.15	0.5
0.15	0.55	0.25	0.05
>BARHL1_1.motif	BARHL1_1.motif	3.9552
0.043	0.006	0.001	0.95
0.919	0.002	0.007	0.072
0.99	0.001	0.008	0.002
0.425	0.016	0.101	0.458
0.09	0.351	0.081	0.478
0.137	0.016	0.786	0.062
0.154	0.317	0.305	0.224
0.102	0.331	0.119	0.448
0.178	0.317	0.37	0.135
0.184	0.366	0.131	0.318
0.042	0.006	0.001	0.951
0.899	0.001	0.006	0.094
0.997	0.001	0.001	0.001
0.458	0.013	0.105	0.424
0.069	0.389	0.08	0.462
0.155	0.019	0.757	0.07
>BARHL2_1.motif	BARHL2_1.motif	6.3
0.06	0	0	0.94
0.92	0	0.01	0.07
0.99	0	0	0.01
0.49	0.01	0.09	0.41
0.06	0.38	0.07	0.49
0.15	0	0.8	0.06
>BARHL2_2.motif	BARHL2_2.motif	4.20269
0.06	0.02	0.01	0.92
0.92	0	0.02	0.06
0.98	0	0.01	0
0.39	0.02	0.09	0.5
0.09	0.33	0.07	0.51
0.13	0.02	0.78	0.07
0.2	0.27	0.29	0.25
0.11	0.31	0.12	0.47
0.19	0.3	0.37	0.14
0.19	0.35	0.12	0.34
0.05	0.01	0.01	0.93
0.9	0	0.01	0.08
0.99	0	0	0
0.43	0.01	0.09	0.47
0.07	0.37	0.07	0.49
0.15	0.02	0.76	0.07
>BARX1_2.motif	BARX1_2.motif	6.59
0.08	0.67	0.03	0.22
0.49	0.29	0.2	0.01
0.94	0.03	0.03	0
0	0	0	1
0	0	0	1
1	0	0	0
>BARX2_1.motif	BARX2_1.motif	5.9781
0.142	0.142	0.071	0.646
0	0.433	0.142	0.425
0.425	0.142	0.291	0.142
0.283	0.15	0	0.567
0	0	0	1
0.929	0	0.071	0
1	0	0	0
0	0	0	1
0	0.071	0.433	0.496
0.354	0	0.504	0.142
>BATF_1.motif	BATF_1.motif	5.17119
0.1	0.05	0.01	0.84
0.02	0.13	0.71	0.14
0.98	0	0	0.01
0.15	0.38	0.39	0.09
0.02	0	0	0.97
0.03	0.64	0.3	0.03
0.99	0	0	0.01
0.1	0.01	0.4	0.49
0.31	0.1	0.02	0.57
0.21	0.45	0.06	0.28
0.43	0.32	0.05	0.2
0.19	0.13	0.35	0.33
0.44	0.13	0.2	0.22
0.39	0.06	0.43	0.12
0.82	0.12	0.02	0.03
>BATF3_1.motif	BATF3_1.motif	-8.60995
0.05	0.12	0.04	0.79
0.03	0.01	0.94	0.02
0.93	0.03	0.05	0
0	0	0	1
0	0	1	0
1	0	0	0
0	1	0	0
0.01	0	0.99	0
0	0	0	1
0.01	0.98	0	0.01
0.99	0	0	0
0.01	0.05	0.04	0.91
0.03	0.93	0.01	0.03
0.62	0.04	0.25	0.08
>BBX_1.Infer.motif	BBX_1.Infer.motif	5.8
0.01	0.01	0.01	0.971
0.01	0.971	0.01	0.01
0.971	0.01	0.01	0.01
0.971	0.01	0.01	0.01
0.01	0.01	0.01	0.971
0.01	0.01	0.971	0.01
0.971	0.01	0.01	0.01
0.971	0.01	0.01	0.01
>BCL11A_1.motif	BCL11A_1.motif	4.23747
0.12	0.077	0.091	0.712
0.067	0.269	0.091	0.572
0	0.178	0.005	0.817
0	0.971	0	0.029
0.904	0.024	0.024	0.048
0	0.486	0.365	0.149
0.024	0	0	0.976
0.014	0	0	0.986
0.014	0.913	0	0.072
0.062	0.798	0	0.139
0.053	0.303	0.067	0.577
0.053	0.601	0.139	0.207
0.269	0.236	0.034	0.462
0.168	0.183	0.087	0.563
>BCL6_1.motif	BCL6_1.motif	5.38283
0.52	0.06	0.17	0.25
0.3	0.2	0.25	0.25
0.3	0.15	0.23	0.33
0.21	0.13	0.45	0.2
0.17	0.54	0.12	0.17
0.18	0.18	0.03	0.61
0.06	0.14	0.05	0.74
0.04	0.04	0.01	0.91
0.01	0.89	0.02	0.08
0.06	0.45	0.07	0.42
0.74	0	0.03	0.23
0.16	0.04	0.79	0.01
0.07	0.02	0.85	0.06
0.8	0.04	0.14	0.02
0.79	0.04	0.08	0.09
>BCL6B_1.motif	BCL6B_1.motif	-26.4314
0	0.08	0	0.92
0.02	0	0.98	0
0	0.99	0	0
0	0	0	1
0	0	0	1
0	0	0.01	0.99
0	1	0	0
0	0.05	0.13	0.82
1	0	0	0
0	0	1	0
0	0	1	0
0.99	0	0.01	0
1	0	0	0
0	0.01	0	0.99
0	0.07	0	0.93
0.31	0.67	0.02	0
0.54	0.43	0.02	0
>BHLHA15_1.motif	BHLHA15_1.motif	1.408
0.69	0.07	0.14	0.11
0.25	0.71	0.05	0
0	1	0	0
0.99	0	0.01	0
0	0	0	0.99
0.99	0.01	0	0
0	0.02	0	0.98
0	0	1	0
0	0.12	0.59	0.29
0.16	0.23	0.04	0.56
>BHLHE22_1.motif	BHLHE22_1.motif	0.7188
0.84	0.01	0.15	0.01
0.56	0.26	0.19	0
0	1	0	0
0.98	0	0.01	0
0	0	0	1
1	0	0	0
0.01	0.02	0	0.97
0	0	1	0
0	0.24	0.35	0.4
0.04	0.22	0.01	0.73
>BHLHE23_1.motif	BHLHE23_1.motif	4.2986
0.7	0.04	0.23	0.03
0.36	0.44	0.19	0.01
0.01	0.99	0	0
0.93	0.01	0.04	0.01
0	0	0	1
0.98	0.01	0	0
0.02	0.08	0	0.9
0	0	0.99	0.01
0.01	0.37	0.24	0.39
0.04	0.31	0.03	0.63
>BHLHE40_1.motif	BHLHE40_1.motif	5.33
0.04	0.02	0.44	0.5
0	1	0	0
0.95	0.01	0.02	0.02
0	0.94	0.01	0.04
0.02	0.01	0.97	0
0	0	0.01	0.99
0	0	0.97	0.03
0.41	0.43	0.03	0.14
>BHLHE41_1.motif	BHLHE41_1.motif	0.422
0.04	0.01	0.36	0.59
0	1	0	0
0.99	0	0	0
0	1	0	0
0	0	0.99	0
0.01	0.01	0	0.98
0	0	1	0
0.66	0.33	0	0.01
0.07	0.6	0.12	0.2
>BNC2_1.motif	BNC2_1.motif	5.5
0.0201721	0.0185976	0.929878	0.0313528
0.0324247	0.0387415	0.054822	0.874012
0.0465377	0.834716	0.0485414	0.0702045
0.163261	0.22775	0.201664	0.407326
0.117242	0.0846536	0.163336	0.634769
>BPTF_1.motif	BPTF_1.motif	5.90325
0.095	0.095	0.381	0.429
0.048	0	0.381	0.571
0.095	0.048	0.19	0.667
0.143	0.238	0.333	0.286
0.048	0	0	0.952
0	0	0.048	0.952
0	0	0.762	0.238
0.048	0.143	0	0.81
0.048	0	0.476	0.476
0.048	0.095	0.333	0.524
>BRCA1_1.motif	BRCA1_1.motif	5.91
0.06	0.82	0.06	0.05
0.98	0.01	0.01	0
0.9	0.02	0.06	0.01
0.15	0.77	0.07	0.01
0.41	0.39	0.16	0.05
0.09	0.5	0.35	0.06
0.47	0.2	0.19	0.14
0.54	0.28	0	0.19
>BSX_1.motif	BSX_1.motif	6.5
0.07	0.58	0.01	0.34
0.46	0.28	0.25	0.01
0.87	0.02	0.11	0.01
0	0	0	1
0.01	0	0	0.99
1	0	0	0
>CBFB_1.motif	CBFB_1.motif	5.7238
0.015	0.264	0.179	0.542
0.042	0.418	0.133	0.406
0.03	0	0.048	0.921
0	0.152	0.812	0.036
0	0.248	0	0.752
0.073	0	0.927	0
0.036	0	0.964	0
0	0	0.236	0.764
0.055	0.424	0.048	0.473
0.382	0.036	0.188	0.394
>CDC5L_1.motif	CDC5L_1.motif	5.06419
0.15	0.15	0.65	0.05
0	0.2	0.4	0.4
0.1	0.05	0.85	0
0.55	0.1	0.1	0.25
0.05	0.05	0.3	0.6
0.15	0	0.15	0.7
0.1	0	0	0.9
0.95	0	0.05	0
0.8	0.05	0	0.15
0.1	0.65	0	0.25
0.6	0	0.3	0.1
0.15	0.1	0	0.75
0.8	0.1	0.1	0
0.6	0	0.15	0.25
>CDX1_1.motif	CDX1_1.motif	5.7228
0.13	0.09	0.16	0.62
0.05	0.02	0.04	0.89
0.08	0.02	0.05	0.85
0.36	0.01	0.07	0.57
0.75	0.03	0.01	0.21
0.07	0.05	0.27	0.6
0.12	0.05	0.37	0.46
0.43	0	0.54	0.03
0.06	0.53	0.17	0.24
>CDX2_1.motif	CDX2_1.motif	5.2421
0.42	0.01	0.31	0.26
0.21	0.12	0.65	0.02
0.05	0.53	0.01	0.4
0.43	0.45	0.01	0.1
0.91	0.01	0.08	0
0	0.01	0	0.99
0.96	0	0	0.04
0.97	0.01	0	0.02
0.96	0.01	0.01	0.02
0.58	0.13	0.12	0.17
>CDX4_1.motif	CDX4_1.motif	5.7457
0.22	0	0.33	0.45
0.25	0.13	0.12	0.5
0.1	0.1	0.09	0.71
0.14	0.04	0.04	0.78
0.29	0.02	0.07	0.62
0.94	0	0.02	0.03
0.01	0.11	0.03	0.85
0.13	0.03	0.35	0.49
0.47	0.03	0.45	0.05
>CDX4_3.motif	CDX4_3.motif	5.12
0.33	0	0.05	0.62
0.15	0	0	0.85
0.34	0	0.08	0.58
0.59	0.27	0.11	0.03
0.13	0.18	0.09	0.6
0.39	0.08	0.46	0.07
>CEBPA_1.motif	CEBPA_1.motif	5.61593
0.37	0	0.63	0
0	0.1	0.18	0.72
0.33	0.22	0.29	0.16
0.18	0.32	0.23	0.28
0.57	0.17	0.19	0.07
0	0.01	0	0.99
0	0	0.01	0.99
0.18	0.01	0.66	0.15
0.03	0.85	0.09	0.03
0.51	0.18	0.17	0.14
0.26	0.33	0.07	0.34
0.67	0.26	0.03	0.05
0.86	0.04	0.06	0.03
>CEBPB_1.motif	CEBPB_1.motif	5.4561
0.59	0.11	0.27	0.03
0	0	0.01	0.99
0	0	0.01	0.99
0.08	0	0.79	0.13
0.02	0.91	0.02	0.05
0.38	0.07	0.46	0.09
0.14	0.5	0	0.36
0.76	0.23	0.01	0.01
0.98	0.01	0	0.01
0.03	0.38	0.13	0.46
>CEBPD_1.motif	CEBPD_1.motif	5.4456
0.5	0.17	0.29	0.04
0	0	0.02	0.98
0.01	0	0.17	0.81
0.41	0.01	0.44	0.13
0.05	0.71	0.08	0.16
0.09	0.03	0.87	0.01
0.15	0.74	0.01	0.1
0.98	0.01	0	0
0.99	0	0.01	0
0.05	0.3	0.08	0.57
>CEBPE_1.motif	CEBPE_1.motif	5.58265
0.04	0.04	0.07	0.84
0	0	0.11	0.88
0.35	0	0.48	0.17
0.03	0.75	0.08	0.14
0.13	0.02	0.83	0.02
0.19	0.67	0	0.14
0.92	0.08	0	0
1	0	0	0
0.01	0.34	0.04	0.61
0.26	0.37	0.15	0.23
0.21	0.07	0.18	0.54
>CEBPG_1.motif	CEBPG_1.motif	4.31999
0.6	0.22	0.09	0.09
0.19	0.24	0.38	0.19
0.64	0.02	0.34	0
0	0	0	1
0	0	0	0.99
0.09	0	0.86	0.05
0.01	0.9	0.05	0.04
0.15	0.06	0.75	0.04
0.12	0.52	0	0.36
0.88	0.1	0.01	0
0.99	0	0	0
0.03	0.24	0.14	0.59
>CEBPZ_1.motif	CEBPZ_1.motif	-0.636
0	0.688	0.224	0.089
0.026	0.219	0	0.755
0	0.365	0.568	0.068
1	0	0	0
0	0	0	1
0	0	0	1
0	0	1	0
0	0	1	0
0.026	0.797	0	0.177
0.007	0.132	0.033	0.829
>CENPB_1.motif	CENPB_1.motif	4.36397
0.098	0.796	0.001	0.105
0.017	0.957	0.001	0.025
0.001	0.996	0.001	0.002
0.028	0.03	0.907	0.034
0.001	0.583	0.149	0.267
0.396	0.113	0.206	0.286
0.047	0.069	0.001	0.883
0.306	0.294	0.207	0.193
0.232	0.317	0.265	0.187
0.389	0.147	0.136	0.328
0.537	0.101	0.276	0.087
0.048	0.934	0.002	0.017
0.133	0.013	0.853	0.001
0.687	0.072	0.008	0.234
0.911	0.047	0.01	0.033
>CIC_1.Infer.motif	CIC_1.Infer.motif	6.5
0	0	0	1
0	0	1	0
0	1	0	0
0	0	0	1
0	0	1	0
1	0	0	0
0.069	0.613	0.162	0.156
>CLOCK_1.motif	CLOCK_1.motif	5.092
0.53	0.08	0.22	0.17
0.7	0.14	0.14	0.02
0.02	0.97	0	0
0.96	0.01	0.03	0
0.03	0.91	0	0.06
0.09	0	0.91	0
0.01	0.01	0.01	0.97
0	0.01	0.97	0.02
0	0.22	0.16	0.62
>CPEB1_1.motif	CPEB1_1.motif	5.63
0.526	0.051	0.25	0.173
0.827	0.013	0.137	0.022
0.006	0.001	0.004	0.989
0.981	0.001	0.013	0.006
0.948	0.001	0.006	0.045
0.938	0.001	0.033	0.028
0.992	0.001	0.006	0.001
>CREB1_1.motif	CREB1_1.motif	5.64
0.15	0.16	0.11	0.58
0.07	0.08	0.46	0.39
0.72	0.01	0.23	0.04
0.01	0.94	0.01	0.04
0.01	0.05	0.94	0
0	0	0	1
0.02	0.97	0.02	0
0.97	0.02	0.02	0
>CREB3_2.motif	CREB3_2.motif	2.98894
0.07	0.17	0.16	0.61
0.04	0	0.72	0.24
0.29	0.64	0.01	0.06
0.03	0.89	0.06	0.03
1	0	0	0
0	1	0	0
0.01	0	0.99	0
0	0	0	0.99
0.04	0.92	0.03	0.01
0.94	0.01	0.04	0.02
0.02	0.37	0.09	0.52
0.18	0.57	0.09	0.16
>CREB3L1_1.motif	CREB3L1_1.motif	-2.09663
0.03	0.15	0.02	0.8
0.01	0	0.98	0.01
0.04	0.96	0	0
0	0.99	0	0
1	0	0	0
0	1	0	0
0.01	0	0.99	0
0	0	0	0.99
0.1	0.87	0.03	0.01
0.86	0.03	0.08	0.03
0.06	0.32	0.2	0.43
0.06	0.85	0.04	0.06
0.75	0.06	0.12	0.07
>CREB3L1_2.motif	CREB3L1_2.motif	2.48357
0.08	0.16	0.09	0.67
0.06	0.02	0.86	0.06
0.13	0.82	0.01	0.04
0.06	0.86	0.03	0.05
1	0	0	0
0	1	0	0
0	0	1	0
0	0	0	0.99
0.04	0.03	0.88	0.05
0.02	0.01	0.84	0.12
0.06	0.88	0.02	0.04
0.72	0.1	0.13	0.06
>CREB3L2_1.motif	CREB3L2_1.motif	2.3737
0.035	0.081	0.096	0.788
0.02	0.024	0.895	0.06
0.08	0.815	0.01	0.096
0.001	0.861	0.113	0.025
0.993	0.001	0.005	0.001
0.001	0.997	0.001	0.001
0.001	0.001	0.997	0.001
0.01	0.001	0.005	0.984
0.01	0.111	0.87	0.008
0.083	0.001	0.853	0.063
0.137	0.824	0.003	0.036
0.65	0.273	0.076	0.001
>CREB3L3_1.motif	CREB3L3_1.motif	1.2959
0.04	0.08	0.1	0.79
0.01	0.01	0.82	0.16
0.16	0.72	0.01	0.11
0	0.87	0.12	0.01
1	0	0	0
0	1	0	0
0	0	1	0
0.01	0	0	0.99
0.01	0.13	0.86	0
0.17	0	0.55	0.28
0.14	0.82	0	0.04
0.65	0.27	0.08	0
>CREB5_1.motif	CREB5_1.motif	2.075
0.876	0.054	0.061	0.009
0.002	0.004	0.001	0.993
0.003	0.001	0.798	0.198
0.995	0.001	0.001	0.003
0.001	0.983	0.001	0.015
0.039	0.001	0.959	0.001
0.005	0.002	0.001	0.993
0.198	0.8	0.001	0.001
0.997	0.001	0.001	0.001
0.007	0.489	0.02	0.484
>CREM_1.motif	CREM_1.motif	4.87487
0.025	0.033	0.102	0.84
0.041	0.225	0.705	0.029
0.861	0	0.033	0.107
0	0.783	0	0.217
0	0.066	0.902	0.033
0	0	0.037	0.963
0	0.967	0	0.033
1	0	0	0
0.074	0.262	0.406	0.258
0	0.328	0.209	0.463
0.128	0.259	0.571	0.042
>CRX_1.motif	CRX_1.motif	5.37109
0.11	0.53	0.05	0.31
0.02	0.01	0.01	0.96
0.94	0	0.02	0.04
0.98	0	0	0.02
0.01	0	0.21	0.78
0.01	0.94	0.01	0.04
0.08	0.66	0.01	0.25
0.08	0.4	0.18	0.35
0.11	0.7	0.03	0.17
0.09	0.2	0.02	0.69
0.06	0.22	0.14	0.58
>CTCF_1.motif	CTCF_1.motif	4.86111
0.24	0.07	0.56	0.13
0.08	0.79	0.08	0.05
0.02	0.92	0.04	0.01
0.64	0.14	0.15	0.08
0.08	0.61	0.29	0.02
0.16	0.48	0.09	0.27
0.79	0.09	0.07	0.05
0.07	0.04	0.87	0.02
0.42	0.01	0.57	0.01
0.06	0.03	0.61	0.3
0.04	0	0.93	0.03
0.08	0.03	0.82	0.07
0.09	0.7	0.13	0.07
0.34	0.07	0.57	0.03
0.09	0.54	0.32	0.04
0.14	0.35	0.14	0.37
0.37	0.25	0.33	0.05
0.13	0.23	0.32	0.31
0.32	0.23	0.25	0.2
0.15	0.2	0.56	0.1
>CTCF_2.motif	CTCF_2.motif	3.38252
0.25	0.07	0.55	0.13
0.1	0.81	0.04	0.05
0.01	0.99	0	0
0.79	0.01	0.13	0.07
0.03	0.63	0.32	0.02
0.13	0.44	0.06	0.37
0.9	0.02	0.05	0.03
0.01	0	0.99	0
0.46	0.01	0.53	0.01
0.03	0.03	0.52	0.42
0.01	0	0.99	0
0.1	0.04	0.79	0.07
0.1	0.78	0.01	0.11
0.45	0.01	0.52	0.02
0.09	0.51	0.35	0.05
0.1	0.35	0.06	0.49
0.4	0.23	0.34	0.02
>CTCF_3.motif	CTCF_3.motif	-0.362596
0.56	0.01	0.28	0.15
0.18	0.75	0.02	0.04
0.01	0.99	0	0
0.68	0	0.28	0.04
0.05	0.75	0.19	0.01
0.11	0.22	0.02	0.65
0.98	0	0.01	0.01
0	0	1	0
0.4	0.01	0.58	0.01
0.02	0.02	0.5	0.46
0	0	0.99	0.01
0.06	0.01	0.86	0.06
0.01	0.99	0	0
0.06	0	0.94	0
0.04	0.76	0.03	0.17
0.35	0.15	0.05	0.46
>CTCFL_1.motif	CTCFL_1.motif	3.72761
0.07	0.23	0.64	0.05
0.05	0.69	0.05	0.22
0.02	0.01	0.87	0.1
0.04	0.94	0.02	0.01
0	0.99	0	0.01
0.18	0.71	0.05	0.06
0	0.76	0	0.23
0	0.99	0	0
0.05	0.06	0.04	0.86
0.22	0.09	0.56	0.13
0.01	0.37	0.55	0.07
0.16	0.29	0.1	0.46
0.01	0.01	0.98	0.01
0.02	0.09	0.84	0.05
>CUX1_1.motif	CUX1_1.motif	5.7949
0.93	0.01	0.05	0.01
0.07	0.12	0.01	0.8
0.05	0.63	0.08	0.24
0.14	0.05	0.8	0.01
0.97	0.01	0.01	0.01
0	0.02	0.01	0.96
0.12	0.49	0.18	0.21
0.1	0.3	0.46	0.14
0.08	0.47	0.34	0.12
0.03	0.52	0.14	0.31
>CUX1_2.motif	CUX1_2.motif	4.7029
0.99	0	0	0
0.01	0	0	0.99
0.02	0.67	0.01	0.31
0.02	0	0.98	0
0.99	0	0.01	0
0	0	0	0.99
0.15	0.28	0.05	0.52
0.77	0.05	0.1	0.08
0.19	0.09	0.25	0.46
0.18	0.32	0.02	0.48
>CUX2_2.motif	CUX2_2.motif	5.208
0.13	0.07	0.07	0.73
0.53	0.06	0.27	0.14
0.98	0	0.01	0.01
0.01	0.04	0.01	0.94
0	0.98	0	0.02
0.3	0	0.69	0.01
0.99	0	0	0
0.01	0.01	0	0.98
0.59	0.15	0.1	0.16
>CXXC1_1.motif	CXXC1_1.motif	5.79
0.087	0.74	0.01	0.164
0	0	0.949	0.051
0.07	0.096	0.301	0.532
0	0	0.147	0.853
0.09	0.013	0.628	0.269
0.051	0.013	0.487	0.449
0.154	0.538	0.038	0.269
>DBP_1.motif	DBP_1.motif	4.7993
0.45	0.16	0.37	0.02
0.01	0	0	0.99
0.01	0	0.06	0.93
0.87	0	0.13	0
0.01	0.82	0	0.16
0.35	0.02	0.63	0.01
0.02	0.09	0.02	0.87
0.92	0.05	0.01	0.02
0.97	0.01	0	0.02
0.01	0.47	0.14	0.37
>DBX2_1.motif	DBX2_1.motif	5.5815
0.11	0.22	0.07	0.6
0.62	0.12	0.12	0.14
0.78	0.04	0.02	0.15
0.14	0.04	0.02	0.8
0.15	0.04	0.05	0.76
0.65	0.04	0.08	0.24
0.91	0.02	0.02	0.05
0.08	0.01	0.01	0.9
0.1	0.06	0.19	0.65
0.9	0	0.1	0
>DDIT3_1.motif	DDIT3_1.motif	5.518
0	0.06	0	0.94
0	0.07	0.92	0.01
0.09	0.88	0	0.03
0.99	0.01	0	0
0.94	0.03	0.02	0
0.03	0.13	0	0.84
0.31	0.52	0.1	0.07
0.09	0.58	0.2	0.14
0	0.64	0.16	0.19
>DLX1_1.motif	DLX1_1.motif	6.5
0.16	0.34	0.01	0.48
0.83	0.08	0.04	0.04
0.92	0.02	0.01	0.05
0.07	0	0	0.92
0.02	0.05	0.05	0.89
0.84	0.01	0	0.15
>DLX2_1.motif	DLX2_1.motif	6.5
0.06	0.49	0.01	0.44
0.81	0.08	0.05	0.06
0.9	0.06	0.01	0.04
0.01	0.06	0.01	0.92
0.03	0.06	0.04	0.86
0.9	0.02	0.01	0.07
>DLX3_1.motif	DLX3_1.motif	6.7
0.08	0.46	0.01	0.44
0.83	0.08	0.04	0.04
0.93	0.04	0.01	0.02
0.02	0.01	0.01	0.97
0.03	0.05	0.03	0.89
0.91	0.02	0.02	0.06
>DLX4_1.motif	DLX4_1.motif	6.4
0.06	0.53	0.01	0.4
0.79	0.1	0.05	0.06
0.9	0.06	0	0.04
0.01	0.01	0	0.98
0.03	0.06	0.04	0.87
0.88	0.02	0.01	0.08
>DLX5_1.motif	DLX5_1.motif	6.6
0.07	0.43	0.01	0.49
0.84	0.07	0.03	0.07
0.88	0.05	0.03	0.05
0.03	0.03	0.03	0.91
0.06	0.03	0.04	0.87
0.91	0.01	0.01	0.06
>DLX6_1.motif	DLX6_1.motif	6.6
0.05	0.51	0.01	0.44
0.81	0.09	0.04	0.06
0.94	0.04	0	0.02
0	0	0	0.99
0.02	0.05	0.02	0.91
0.92	0.01	0.01	0.07
>DMBX1_1.motif	DMBX1_1.motif	5.68
0.16	0.11	0.68	0.05
0.11	0.04	0.78	0.07
0.83	0.09	0.07	0.01
0	0	0.04	0.96
0.08	0.08	0.04	0.8
0.93	0	0.04	0.03
>DMC1_1.motif	DMC1_1.motif	3.93141
0.257	0.535	0.088	0.12
0.107	0.256	0.001	0.636
0.036	0.527	0.055	0.382
0.225	0.156	0.238	0.382
0.331	0.287	0.197	0.185
0.676	0.08	0.162	0.082
0.037	0.146	0.314	0.503
0.005	0.01	0.006	0.979
0.009	0.613	0.001	0.377
0.199	0.17	0.438	0.193
0.319	0.001	0.057	0.623
0.001	0.001	0.997	0.001
0.212	0.272	0.262	0.255
0.03	0.053	0.018	0.899
0.559	0.026	0.372	0.043
0.008	0.964	0.002	0.026
0.032	0.075	0.001	0.892
0.03	0.071	0.03	0.869
>DMRT1_1.motif	DMRT1_1.motif	5.5485
0.13	0.03	0.03	0.81
0.13	0.02	0.8	0.05
0.03	0.02	0.02	0.94
0.69	0.02	0.05	0.24
0.19	0.02	0.2	0.58
0.09	0.76	0.04	0.11
0.57	0.1	0.17	0.17
0.62	0.06	0.09	0.23
>DMRT2_1.motif	DMRT2_1.motif	5.987
0.765	0.048	0.048	0.139
1	0	0	0
0	0	0	1
0.13	0	0.489	0.381
0	0	0	1
0.909	0	0	0.091
0.092	0	0	0.908
>DMRT3_1.motif	DMRT3_1.motif	5.8
0.106	0.022	0.022	0.851
0	0	0.999	0
0	0	0	0.999
0.999	0	0	0
0.202	0	0.104	0.694
0	0.999	0	0
0.618	0.188	0.097	0.097
>DPRX_1.motif	DPRX_1.motif	5.7968
0.29	0.11	0.52	0.08
0.11	0.12	0.67	0.1
0.54	0.23	0.06	0.16
0.02	0.02	0	0.96
0.79	0.07	0.11	0.03
0.99	0.01	0	0
0.01	0	0.06	0.93
0.1	0.82	0.03	0.04
0.06	0.61	0.08	0.25
>DRGX_1.motif	DRGX_1.motif	4.9087
0.14	0.06	0.01	0.79
0.88	0.01	0.06	0.06
1	0	0	0
0.04	0.2	0.02	0.75
0.03	0.47	0.08	0.42
0.22	0.24	0.15	0.4
0.78	0.11	0.06	0.05
0.94	0.03	0.01	0.02
0	0	0	1
0.09	0.07	0.01	0.83
0.86	0.01	0.04	0.09
>DUX4_1.motif	DUX4_1.motif	0.2734
0.19	0.06	0.03	0.72
0.97	0	0.03	0
1	0	0	0
0.14	0.31	0.05	0.51
0	0.43	0.13	0.44
0	0.37	0.16	0.47
0.92	0.08	0	0
1	0	0	0
0	0	0	1
0	0.98	0	0.02
0.88	0	0	0.12
>DUXA_1.motif	DUXA_1.motif	4.8864
0.15	0.17	0.07	0.61
0.63	0	0.35	0.01
0.98	0.01	0.01	0
0.11	0.31	0.1	0.49
0.01	0.39	0.19	0.41
0.02	0.23	0.08	0.68
0.89	0.05	0.04	0.02
0.98	0.01	0.01	0.01
0	0	0	0.99
0	0.9	0	0.1
0.85	0.02	0.04	0.08
>E2F1_1.motif	E2F1_1.motif	5.048
0.11	0.18	0.71	0
0	0.01	0.98	0
0.02	0.97	0	0
0.01	0	0.97	0.01
0.01	0.27	0.71	0
0.02	0.17	0.8	0
0.94	0.02	0.03	0
0.65	0.01	0.33	0.01
0.39	0.2	0.39	0.02
>E2F1_2.motif	E2F1_2.motif	5.10405
0.25	0.11	0.1	0.55
0.23	0.04	0.09	0.63
0.15	0.03	0.16	0.67
0.04	0.16	0.8	0
0	0.04	0.96	0
0	1	0	0
0	0	1	0
0	0.92	0.07	0
0.01	0.75	0.18	0.06
0.63	0.22	0.04	0.12
0.61	0.07	0.08	0.23
0.55	0.08	0.16	0.21
>E2F2_1.motif	E2F2_1.motif	1.89438
0.12	0	0	0.88
0.06	0.02	0.02	0.91
0.21	0.06	0.07	0.66
0.12	0.07	0.17	0.64
0.05	0.14	0.77	0.05
0	0.06	0.94	0
0	1	0	0
0	0	1	0
0	0.94	0.06	0
0.05	0.75	0.14	0.05
0.65	0.17	0.07	0.11
0.68	0.08	0.05	0.19
0.94	0.01	0	0.06
0.92	0.01	0.01	0.06
0.28	0.17	0.05	0.51
>E2F2_2.motif	E2F2_2.motif	-9.18015
0.68	0.13	0.1	0.09
0.89	0	0.04	0.06
0.94	0	0	0.06
0.97	0	0	0.03
0.72	0.02	0.06	0.2
0.22	0.01	0.11	0.66
0	0.06	0.91	0.03
0	0	1	0
0	1	0	0
0	0	1	0
0	1	0	0
0	0.94	0.06	0
0.84	0.05	0	0.12
0.53	0.01	0	0.46
0.41	0	0	0.59
0.26	0	0	0.73
0.23	0.09	0.01	0.67
>E2F3_1.motif	E2F3_1.motif	-6.75031
0.56	0.11	0.21	0.12
0.78	0.02	0.19	0.02
0.91	0	0	0.09
0.88	0	0	0.11
0.79	0	0.02	0.19
0.16	0	0.32	0.53
0.01	0.12	0.83	0.03
0	0	1	0
0	1	0	0
0	0	1	0
0	1	0	0
0.02	0.88	0.1	0.01
0.81	0.11	0	0.08
0.66	0	0	0.33
0.61	0	0	0.38
0.51	0	0	0.48
0.13	0.2	0.09	0.58
>E2F3_2.motif	E2F3_2.motif	-14.1189
0.16	0	0	0.83
0.08	0	0	0.91
0.06	0	0	0.94
0.03	0	0.04	0.93
0	0.02	0.98	0
0	0	1	0
0	1	0	0
0	0	1	0
0	1	0	0
0	0.97	0.02	0
0.97	0.01	0	0.01
0.97	0	0	0.03
0.98	0	0	0.02
0.92	0	0	0.07
0.1	0.52	0.13	0.24
>E2F4_1.motif	E2F4_1.motif	-9.5228
0.41	0	0	0.59
0.31	0	0.02	0.67
0.03	0	0.06	0.91
0	0	0.99	0
0	0	1	0
0	1	0	0
0	0	1	0
0	1	0	0
0	1	0	0
0.99	0	0	0.01
0.96	0.01	0	0.02
0.97	0	0	0.03
>E2F4_2.motif	E2F4_2.motif	5.57
0.09	0.27	0.63	0.01
0.01	0.03	0.96	0
0.02	0.97	0	0.01
0.01	0.03	0.95	0.02
0.01	0.24	0.75	0
0.04	0.1	0.85	0.01
0.87	0.05	0.06	0.03
0.7	0.03	0.24	0.03
>E2F5_1.motif	E2F5_1.motif	-0.413
0	0.107	0.893	0
0	1	0	0
0	0	1	0
0	0.851	0.149	0
0	0.533	0.467	0
1	0	0	0
1	0	0	0
1	0	0	0
>E2F6_1.motif	E2F6_1.motif	5.185
0.17	0.19	0.63	0.01
0.01	0.01	0.98	0
0.16	0.79	0	0.05
0.02	0.02	0.94	0.01
0.01	0.02	0.95	0.02
0.01	0.02	0.97	0.01
0.96	0	0.03	0
0.62	0.02	0.35	0.01
>E2F7_1.motif	E2F7_1.motif	-3.8297
0.05	0.03	0.05	0.87
0	0.04	0	0.96
0	0.01	0	0.99
0	1	0	0
0	0.73	0.27	0
0	1	0	0
0	0	1	0
0	0.99	0.01	0
0	0.85	0.08	0.07
0.65	0.16	0.04	0.16
0.79	0	0	0.2
0.78	0.02	0.02	0.18
0.67	0	0	0.32
>E2F8_1.motif	E2F8_1.motif	-3.1885
0.03	0.03	0.01	0.93
0	0.03	0	0.97
0	0	0.01	0.99
0	0.99	0	0.01
0	0.97	0	0.03
0	0.99	0.01	0
0.03	0.05	0.91	0
0	0.99	0	0.01
0.02	0.94	0.04	0
0.94	0.01	0.04	0.01
1	0	0	0
0.92	0.02	0.01	0.05
>E4F1_1.motif	E4F1_1.motif	5.43
0.118	0.118	0.578	0.186
0.865	0	0	0.135
0	1	0	0
0	0	1	0
0	0	0	1
0.473	0.527	0	0
1	0	0	0
0.122	0.811	0	0.068
>EBF1_1.motif	EBF1_1.motif	4.06426
0.03	0.2	0.04	0.73
0	1	0	0
0.01	0.81	0	0.18
0	0.98	0	0.01
0.28	0.46	0.02	0.24
0.54	0.03	0.12	0.31
0.02	0	0.98	0
0.13	0	0.86	0
0	0	0.99	0
0.77	0.04	0.16	0.03
0.34	0.29	0.21	0.16
0.13	0.17	0.06	0.63
>EGR1_1.motif	EGR1_1.motif	3.61986
0.14	0.69	0.08	0.09
0.06	0.82	0.05	0.07
0.18	0.11	0.57	0.14
0.03	0.85	0.07	0.05
0.04	0.82	0.06	0.07
0.04	0.76	0.08	0.13
0.38	0.58	0.01	0.02
0	0.98	0	0.01
0.14	0	0.72	0.13
0	0.91	0.05	0.04
0.26	0.53	0.11	0.1
0.09	0.65	0.12	0.14
0.36	0.49	0.08	0.07
0	1	0	0
0.06	0	0.83	0.1
0	0.91	0.04	0.05
>EGR1_2.motif	EGR1_2.motif	-0.1788
0.64	0.34	0.01	0.02
0	0.99	0	0.01
0.07	0	0.9	0.03
0	0.99	0	0
0	0.99	0	0
0	0.91	0	0.08
0.72	0.27	0.01	0
0	0.99	0	0
0.01	0.04	0.83	0.12
0	0.97	0	0.03
0.83	0.04	0.08	0.04
>EGR2_1.motif	EGR2_1.motif	4.0903
0.41	0.48	0.04	0.08
0.03	0.95	0	0.02
0.18	0	0.73	0.09
0	0.99	0	0
0.02	0.98	0	0
0	0.86	0	0.13
0.86	0.12	0.01	0.01
0	1	0	0
0.13	0.04	0.73	0.11
0	0.88	0.04	0.07
>EGR3_1.motif	EGR3_1.motif	2.6678
0.62	0.32	0.04	0.01
0.02	0.97	0	0
0.13	0.01	0.84	0.02
0	1	0	0
0.02	0.97	0	0
0	0.91	0	0.09
0.8	0.19	0.01	0
0	0.97	0	0.02
0.04	0.01	0.82	0.13
0.03	0.91	0	0.06
0.71	0.04	0.07	0.17
>EGR4_1.motif	EGR4_1.motif	3.98038
0.53	0.43	0.01	0.02
0.01	0.94	0.01	0.03
0.12	0.03	0.79	0.06
0	0.98	0.01	0.01
0.02	0.96	0.01	0.01
0	0.91	0.01	0.08
0.8	0.14	0.03	0.03
0.01	0.96	0.01	0.03
0.01	0.1	0.85	0.03
0	0.95	0.02	0.03
0.74	0.08	0.12	0.06
>EHF_1.motif	EHF_1.motif	-0.866
0.49	0.51	0	0
0	1	0	0
0	0	0	1
0	0	0	1
0	1	0	0
0	1	0	0
0	0	0	1
0	0.49	0.5	0
>EHF_2.motif	EHF_2.motif	3.9833
0.81	0.02	0.09	0.08
0.12	0.66	0.16	0.06
0.14	0.74	0.11	0
0.22	0.77	0.01	0
0	0	1	0
0	0	0.98	0.02
1	0	0	0
0.98	0.01	0.01	0
0.19	0.01	0.78	0.01
0.02	0.04	0.07	0.87
0.54	0.08	0.25	0.14
>ELF1_1.motif	ELF1_1.motif	4.36575
0.56	0.11	0.18	0.15
0.65	0.09	0.13	0.13
0.21	0.49	0.19	0.11
0.05	0.76	0.18	0.01
0.22	0.76	0.01	0
0	0	0.99	0
0	0	0.99	0.01
0.99	0	0	0
0.98	0	0	0.02
0.09	0.02	0.88	0
0.07	0.18	0.04	0.71
0.22	0.14	0.56	0.08
>ELF2_1.motif	ELF2_1.motif	-1.0806
0.028	0.25	0.139	0.583
0.444	0	0.333	0.222
0.222	0.222	0.333	0.222
0	0.778	0.222	0
0.778	0.111	0.111	0
0	0	1	0
0	0	1	0
1	0	0	0
1	0	0	0
0.111	0	0.889	0
0	0.222	0.222	0.556
0.444	0	0.556	0
0.444	0.111	0.333	0.111
0.222	0.333	0.333	0.111
0.111	0.111	0.222	0.556
>ELF3_1.motif	ELF3_1.motif	0.0218
0.92	0.01	0	0.07
0.04	0.8	0.14	0.02
0.08	0.83	0.09	0
0.09	0.91	0	0
0	0	1	0
0	0	1	0
1	0	0	0
0.99	0	0	0.01
0.07	0	0.92	0
0.01	0.03	0.01	0.95
0.58	0.04	0.27	0.11
>ELF4_1.motif	ELF4_1.motif	1.41118
0.56	0.1	0.15	0.18
0.75	0.08	0.02	0.16
0.15	0.71	0.06	0.08
0.02	0.89	0.09	0
0.05	0.94	0.01	0
0	0	1	0
0	0	1	0
0.99	0	0	0
0.99	0.01	0	0
0.03	0.01	0.95	0
0	0.05	0.03	0.92
0.38	0.08	0.44	0.11
>ELF5_1.motif	ELF5_1.motif	5.8268
0.69	0.05	0.06	0.21
0.22	0.38	0.17	0.22
0.29	0.42	0.26	0.03
0.45	0.46	0.07	0.02
0	0	0.99	0
0	0	0.99	0
0.99	0	0	0
0.84	0.01	0	0.14
0.25	0.06	0.68	0.02
0.09	0.16	0.06	0.69
>ELK1_1.motif	ELK1_1.motif	5.78
0.13	0.74	0.07	0.05
0.09	0.86	0.03	0.02
0	0	0.95	0.04
0.01	0	0.98	0.01
0.97	0.01	0.01	0.01
0.86	0.05	0	0.09
0.26	0.07	0.65	0.02
0.09	0.2	0.11	0.6
>ELK1_2.motif	ELK1_2.motif	-9.64868
0.5	0.07	0.38	0.06
0.01	0.66	0.11	0.22
0.09	0.01	0.01	0.9
0	0.01	0.01	0.98
0	0.99	0	0
0	0.99	0	0
0.02	0	0.97	0.01
0	0.52	0.48	0
0.01	0.99	0	0
0	0	1	0
0	0	1	0
1	0	0	0
0.93	0	0	0.06
0.05	0.05	0.9	0
0.01	0.08	0.03	0.88
>ELK3_1.motif	ELK3_1.motif	5.286
0.58	0.16	0.15	0.1
0.08	0.85	0.05	0.02
0.13	0.8	0	0.06
0	0	1	0
0	0	0.98	0.02
1	0	0	0
0.83	0.03	0	0.13
0.21	0.05	0.73	0.01
0.03	0.15	0.03	0.78
>ELK4_1.motif	ELK4_1.motif	5.373
0.05	0.83	0.1	0.02
0.11	0.89	0	0
0	0	0.99	0
0.01	0	0.99	0.01
0.99	0	0	0
0.89	0	0	0.11
0.27	0.04	0.69	0
0.06	0.31	0.05	0.58
>EMX1_1.motif	EMX1_1.motif	6.202
0.06	0.04	0	0.89
0.86	0.08	0.03	0.02
0.99	0	0	0.01
0.04	0.01	0.03	0.92
0.07	0.03	0.25	0.65
0.68	0.01	0.26	0.05
>EMX1_2.motif	EMX1_2.motif	4.36274
0.1	0.34	0.05	0.52
0.61	0.26	0.05	0.07
0.9	0.04	0.02	0.04
0.01	0.02	0.01	0.95
0.05	0.05	0.02	0.88
0.91	0.01	0.02	0.07
0.37	0.15	0.44	0.05
0.08	0.53	0.12	0.28
0.1	0.03	0.02	0.85
0.93	0.01	0.04	0.02
0.97	0.01	0.01	0
0.06	0.02	0.04	0.88
0.11	0.06	0.3	0.53
0.62	0.04	0.27	0.07
>EMX2_1.motif	EMX2_1.motif	5.48308
0.1	0.25	0.06	0.59
0.51	0.29	0.05	0.14
0.61	0.13	0.14	0.12
0.04	0.19	0.07	0.7
0.03	0.05	0.01	0.91
0.8	0.06	0.03	0.11
0.52	0.12	0.29	0.07
0.04	0.28	0.1	0.58
0.08	0.03	0.05	0.85
0.8	0.04	0.11	0.06
0.69	0.11	0.14	0.06
0.09	0.14	0.11	0.67
0.1	0.08	0.19	0.63
0.57	0.07	0.22	0.14
>EN1_2.motif	EN1_2.motif	6.8
0.06	0.01	0.01	0.92
0.8	0.05	0.12	0.02
0.99	0	0.01	0
0.01	0	0.01	0.98
0.02	0.04	0.05	0.9
0.47	0.01	0.48	0.03
>EN1_3.motif	EN1_3.motif	5.40686
0.06	0.06	0.05	0.83
0.67	0.03	0.17	0.13
0.83	0.03	0.08	0.07
0.06	0.07	0.12	0.75
0.07	0.07	0.17	0.69
0.4	0.03	0.53	0.03
0.06	0.43	0.5	0.01
0.16	0.28	0.23	0.33
0.03	0.49	0.04	0.44
0.67	0.16	0.11	0.07
0.73	0.1	0.08	0.09
0.05	0.08	0.05	0.82
0.11	0.08	0.08	0.73
0.75	0.04	0.12	0.1
>EN2_1.motif	EN2_1.motif	6.7
0	0.48	0.01	0.51
0.8	0.12	0.07	0.02
0.96	0.03	0.01	0
0	0	0	0.99
0	0.13	0.07	0.79
0.96	0	0.02	0.02
>ENO1_1.motif	ENO1_1.motif	5.9023
0.466	0.056	0.336	0.142
0.046	0.456	0.422	0.075
0.196	0.8	0.003	0.001
0.813	0.001	0.175	0.011
0.004	0.635	0.015	0.346
0.02	0.012	0.96	0.008
0.02	0.027	0.003	0.95
0.001	0.004	0.788	0.208
0.113	0.129	0.407	0.351
0.063	0.26	0.508	0.168
>EOMES_1.motif	EOMES_1.motif	5.677
0.7	0.05	0.15	0.09
0.18	0.04	0.66	0.11
0	0.11	0.88	0.01
0.03	0.03	0	0.94
0	0	1	0
0.19	0.12	0.01	0.69
0.02	0.05	0.61	0.32
0.98	0	0.01	0
0.7	0.07	0.08	0.14
>EOMES_2.motif	EOMES_2.motif	3.32516
0.03	0.05	0.02	0.9
0.25	0.55	0.16	0.05
0.72	0.01	0.2	0.07
0	0.99	0	0.01
0.85	0.01	0.14	0
0.03	0.91	0.04	0.02
0.14	0.55	0.16	0.16
0.11	0.17	0.05	0.68
0.27	0.18	0.17	0.38
0.22	0.29	0.25	0.23
0.25	0.21	0.27	0.28
0.37	0.1	0.31	0.22
0.66	0.05	0.17	0.12
0.15	0.15	0.55	0.15
0.02	0.04	0.9	0.04
0.01	0.21	0.02	0.76
0	0	0.99	0
0.08	0.2	0.02	0.7
0.05	0.09	0.7	0.16
0.91	0.01	0.05	0.02
>EPAS1_1.motif	EPAS1_1.motif	5.18413
0	0.88	0.12	0
0.19	0.28	0.34	0.19
0.05	0.85	0.1	0
0.93	0	0	0.07
0.01	0.99	0	0
0.02	0.15	0.82	0
0.01	0.23	0	0.76
0.67	0.16	0.09	0.07
0.02	0.54	0.13	0.31
0.23	0.26	0.27	0.24
0.11	0.62	0.05	0.22
0.66	0.21	0	0.13
0.13	0.78	0.09	0
>ERF_1.motif	ERF_1.motif	4.796
0.84	0.02	0.14	0.01
0.03	0.81	0.03	0.13
0.11	0.87	0.03	0
0	0	1	0
0	0.01	0.99	0
0.96	0.01	0.01	0.01
0.87	0	0	0.13
0.27	0.06	0.67	0
0	0.16	0.04	0.8
>ERG_1.motif	ERG_1.motif	4.7217
0.7	0.04	0.14	0.11
0.07	0.84	0.08	0.01
0.13	0.87	0	0
0	0	1	0
0	0	1	0
1	0	0	0
0.79	0.01	0	0.2
0.44	0.01	0.53	0.01
0.01	0.23	0.03	0.72
0.18	0.33	0.36	0.13
0.26	0.52	0.16	0.06
>ERG_2.motif	ERG_2.motif	-5.08255
0.64	0.08	0.16	0.12
0.15	0.74	0.09	0.02
0.13	0.87	0	0
0	0	1	0
0	0	1	0
1	0	0	0
0.61	0.05	0	0.34
0.9	0	0.09	0.01
0	0	0	1
0	0.99	0	0
0	1	0	0
0	0.01	0.88	0.11
0.05	0.11	0.71	0.13
0.21	0.19	0.07	0.53
>ERG_3.motif	ERG_3.motif	4.734
0.55	0.07	0.3	0.08
0.07	0.75	0.18	0
0.88	0.11	0	0
0	0	1	0
0	0	1	0
1	0	0	0
0.98	0	0	0.02
0.26	0	0.74	0
0.06	0.26	0.1	0.58
>ESR1_1.motif	ESR1_1.motif	4.55824
0.67	0.05	0.21	0.06
0.08	0.02	0.83	0.07
0.05	0.04	0.87	0.05
0.06	0.07	0.14	0.73
0.03	0.84	0.07	0.06
0.83	0.03	0.08	0.06
0.12	0.47	0.2	0.22
0.14	0.44	0.21	0.22
0.11	0.3	0.42	0.17
0.03	0.04	0.01	0.92
0.03	0.02	0.94	0
0.83	0.11	0.03	0.03
0.01	0.95	0.02	0.02
0.1	0.82	0.01	0.07
0.04	0.34	0.05	0.56
>ESR2_1.motif	ESR2_1.motif	4.92686
0.56	0.01	0.41	0.02
0.05	0	0.85	0.1
0.01	0.02	0.96	0
0.01	0.05	0.11	0.83
0	0.96	0.03	0.01
0.96	0	0	0.03
0.09	0.45	0.33	0.13
0.23	0.28	0.3	0.19
0.18	0.24	0.35	0.23
0.13	0.12	0.05	0.7
0.14	0.07	0.77	0.01
0.46	0.23	0.16	0.16
0.07	0.75	0.04	0.14
0.12	0.74	0.01	0.14
0.1	0.27	0.08	0.55
>ESRRA_1.motif	ESRRA_1.motif	4.987
0.01	0.06	0.01	0.93
0.02	0.03	0.94	0
0.85	0.09	0.03	0.04
0.03	0.97	0	0
0.02	0.98	0	0
0	0.04	0	0.95
0.01	0.09	0.01	0.88
0.02	0.13	0.68	0.17
0.46	0.07	0.4	0.07
>ESRRA_2.motif	ESRRA_2.motif	-2.07506
0.01	0.2	0	0.79
0.12	0.04	0.84	0
0.81	0.1	0	0.09
0	0.99	0	0
0.06	0.92	0	0.02
0	0.02	0.01	0.97
0.04	0.08	0	0.88
0.03	0.37	0.52	0.08
0.56	0.12	0.26	0.06
0.31	0.18	0.24	0.28
0.34	0.11	0.26	0.29
0.01	0.18	0	0.8
0.09	0.06	0.85	0
0.8	0.09	0.01	0.1
0	0.99	0	0
0.08	0.91	0	0.01
0	0.04	0.01	0.95
0.03	0.12	0	0.84
0.06	0.26	0.56	0.11
>ESRRA_3.motif	ESRRA_3.motif	4.76117
0.56	0.05	0.34	0.05
0.08	0	0.86	0.05
0.09	0.03	0.84	0.05
0.11	0.07	0.25	0.57
0	0.88	0.03	0.09
0.74	0.02	0.13	0.11
0.16	0.29	0.29	0.26
0.08	0.13	0.43	0.37
0.13	0.3	0.45	0.11
0.04	0.07	0.01	0.89
0.05	0.05	0.91	0
0.79	0.13	0.04	0.04
0	0.98	0	0.02
0.15	0.79	0	0.06
0.07	0.29	0.05	0.59
>ESRRA_4.motif	ESRRA_4.motif	-2.72802
0.01	0.11	0	0.88
0.08	0.02	0.89	0
0.86	0.07	0	0.07
0	1	0	0
0.06	0.94	0	0
0	0.01	0	0.99
0.02	0.03	0	0.95
0.04	0.15	0.75	0.05
0.46	0.12	0.24	0.18
0.5	0.15	0.2	0.16
0.03	0.2	0.01	0.75
0.09	0.02	0.89	0
0.79	0.11	0.01	0.09
0	0.99	0	0
0.04	0.93	0.01	0.02
0	0.05	0.01	0.94
0.03	0.17	0.01	0.79
>ESRRB_1.motif	ESRRB_1.motif	4.424
0.01	0.05	0	0.94
0.02	0.04	0.94	0
0.91	0.05	0.02	0.03
0	0.99	0	0
0	0.98	0.01	0
0	0.01	0.01	0.98
0.01	0.05	0.01	0.93
0.03	0.15	0.76	0.06
0.59	0.1	0.25	0.06
>ESRRG_3.motif	ESRRG_3.motif	4.9891
0.01	0.1	0.01	0.88
0.1	0.01	0.87	0.02
0.92	0.03	0	0.04
0	0.98	0.02	0
0.04	0.94	0.02	0
0	0	0	1
0.01	0.1	0	0.9
0.07	0.23	0.65	0.05
0.63	0.12	0.15	0.11
>ESX1_1.motif	ESX1_1.motif	6.5
0.06	0.01	0.01	0.91
0.78	0.03	0.11	0.08
0.96	0	0.03	0.02
0.03	0.02	0.06	0.89
0.05	0.08	0.07	0.8
0.44	0.01	0.47	0.07
>ETS1_1.motif	ETS1_1.motif	5.8947
0.57	0.09	0.21	0.13
0.11	0.75	0.13	0.01
0.44	0.51	0.02	0.03
0	0	1	0
0	0	1	0
1	0	0	0
0.7	0.03	0.01	0.26
0.29	0.04	0.64	0.02
0.09	0.26	0.03	0.62
>ETS1_2.motif	ETS1_2.motif	-7.29603
0.14	0.69	0.16	0.01
0.12	0.85	0.02	0
0	0	1	0
0	0	1	0
1	0	0	0
0.78	0.02	0	0.2
0.15	0.01	0.84	0
0	0.2	0.19	0.6
0.64	0.08	0.27	0.01
0.01	0.81	0.01	0.17
0.55	0	0.01	0.43
0.02	0.01	0	0.97
0	0.99	0	0
0	1	0	0
0	0.01	0.83	0.16
0.01	0.1	0.82	0.07
0.07	0.66	0.06	0.22
>ETS1_3.motif	ETS1_3.motif	-5.5003
0.02	0.03	0.92	0.03
0.06	0.69	0.19	0.07
0.4	0.46	0.06	0.08
0.01	0.28	0.03	0.69
0.02	0.21	0.42	0.35
0.09	0.75	0.09	0.07
0.01	0.21	0.01	0.78
0	0	1	0
0	0	1	0
0.04	0	0.95	0.01
0.89	0.02	0.07	0.02
0.41	0.15	0.35	0.09
0.25	0.12	0.1	0.53
0.01	0.1	0.05	0.84
0	0.01	0.99	0
0.01	0.04	0.05	0.89
0.96	0	0.04	0
0	0	1	0
0	0	0.02	0.98
0.01	0.44	0.03	0.52
0.02	0.64	0.03	0.3
>ETS2_1.motif	ETS2_1.motif	5.9915
0.406	0.421	0.076	0.097
0.297	0.327	0.348	0.027
0.015	0.027	0.936	0.021
0.067	0	0.933	0
1	0	0	0
0.773	0.03	0.118	0.079
0.252	0	0.676	0.073
0.139	0.203	0.133	0.524
0.179	0.048	0.515	0.258
>ETV1_1.motif	ETV1_1.motif	5.7212
0.6	0.08	0.19	0.13
0.09	0.76	0.12	0.03
0.17	0.81	0.01	0.01
0	0	0.99	0
0	0	0.97	0.02
0.97	0.01	0.01	0.01
0.74	0.03	0.01	0.22
0.22	0.08	0.69	0.01
0.07	0.23	0.08	0.61
>ETV2_1.motif	ETV2_1.motif	2.357
0.97	0.01	0.02	0
0.04	0.88	0.08	0
0.09	0.91	0	0
0	0	1	0
0	0	1	0
1	0	0	0
0.89	0	0	0.11
0.71	0	0.28	0
0.01	0.26	0.04	0.69
>ETV3_1.motif	ETV3_1.motif	5.377
0.71	0.09	0.12	0.08
0.06	0.77	0.05	0.11
0.04	0.91	0	0.05
0	0	0.94	0.06
0	0	0.93	0.07
0.95	0.04	0	0.02
0.75	0	0	0.25
0.2	0.05	0.75	0
0	0.13	0.03	0.85
>ETV4_1.motif	ETV4_1.motif	5.8966
0.57	0.07	0.19	0.17
0.14	0.63	0.19	0.05
0.28	0.68	0.02	0.02
0.02	0.01	0.96	0.01
0.02	0	0.97	0.01
0.96	0	0.04	0
0.73	0.02	0	0.25
0.27	0.06	0.66	0.01
0.06	0.23	0.12	0.59
>ETV5_1.motif	ETV5_1.motif	5.77896
0.17	0.23	0.55	0.05
0.48	0.16	0.16	0.21
0.12	0.59	0.22	0.07
0.27	0.69	0.01	0.03
0.03	0	0.96	0
0	0.03	0.97	0.01
0.94	0.04	0	0.01
0.57	0.07	0.06	0.31
0.16	0.13	0.67	0.03
0.14	0.23	0.12	0.5
0.39	0.17	0.2	0.24
0.47	0.2	0.16	0.18
0.01	0.49	0.08	0.42
>ETV6_1.motif	ETV6_1.motif	0.336694
0.1	0.66	0.17	0.07
0.14	0.77	0.05	0.04
0.01	0.03	0.94	0.02
0.05	0.04	0.9	0.01
0.98	0	0.01	0.01
0.6	0.2	0.14	0.06
0.07	0.35	0.55	0.04
0.12	0.8	0.03	0.05
0	0	1	0
0	0	1	0
0.99	0	0.01	0
0.99	0	0	0
0.1	0.01	0.89	0
0.02	0.18	0.02	0.78
>ETV7_1.motif	ETV7_1.motif	-3.76496
0.141	0.028	0.432	0.399
0	0.629	0.258	0.113
0.338	0.436	0.113	0.113
0.371	0.226	0.113	0.291
0.145	0.855	0	0
0.887	0.113	0	0
0	0	1	0
0	0	1	0
1	0	0	0
0.855	0.145	0	0
0	0	1	0
0	0	0	1
0.451	0.145	0.404	0
0.662	0	0.226	0.113
0.113	0.662	0.113	0.113
0.371	0	0.291	0.338
>EVX1_1.motif	EVX1_1.motif	6.2
0.1	0.2	0.02	0.68
0.49	0.22	0.24	0.05
0.97	0	0.03	0
0	0.01	0.03	0.96
0.03	0.05	0.02	0.9
0.9	0	0.08	0.02
>EVX2_1.motif	EVX2_1.motif	6.27
0.09	0.19	0.03	0.69
0.5	0.25	0.22	0.04
0.95	0.01	0.04	0
0	0.01	0.03	0.96
0.01	0.04	0.02	0.93
0.91	0	0.07	0.02
>FERD3L_1.motif	FERD3L_1.motif	5.19457
0.05	0	0.79	0.16
0.08	0.3	0.11	0.51
0.24	0.11	0.66	0
0.44	0	0.05	0.5
0	1	0	0
0.97	0	0.03	0
0	0.2	0.67	0.13
0.23	0.51	0.23	0.03
0	0.03	0	0.97
0	0	0.95	0.05
0	0.15	0.5	0.35
>FEV_1.motif	FEV_1.motif	5.417
0.66	0.05	0.14	0.15
0.14	0.73	0.08	0.05
0.38	0.57	0.04	0
0	0	1	0
0	0	1	0
1	0	0	0
0.84	0.01	0	0.15
0.42	0.02	0.56	0
0.02	0.09	0.03	0.86
>FEZF1_1.motif	FEZF1_1.motif	4.57101
0.2	0	0.65	0.14
0.19	0.11	0.05	0.66
0	0.03	0.05	0.92
0.04	0.01	0.94	0.01
0.04	0.7	0.1	0.17
0.02	0.12	0.28	0.59
0	0.96	0	0.03
0.45	0	0	0.54
0.01	0.11	0.03	0.86
0.02	0.01	0	0.97
0.01	0.02	0	0.96
>FIGLA_1.motif	FIGLA_1.motif	6.3
0	0.98	0	0.02
0.97	0.03	0	0.01
0	0.77	0.23	0
0	0.85	0.15	0
0.03	0	0.01	0.96
0.02	0.02	0.93	0.03
>FIZ1_1.motif	FIZ1_1.motif	5.53999
0.022197	0.0197853	0.939233	0.0187847
0.0754087	0.149917	0.071236	0.703438
0.320059	0.129984	0.155888	0.394069
0.359641	0.177799	0.257643	0.204918
0.290044	0.208009	0.174328	0.32762
0.100103	0.700465	0.079352	0.12008
0.401955	0.105805	0.406812	0.0854283
0.78301	0.0746249	0.0514232	0.0909421
0.0391035	0.0191048	0.0746585	0.867133
0.0374527	0.032824	0.876553	0.0531698
0.0349885	0.872273	0.0537238	0.039015
0.0451978	0.0551271	0.0516494	0.848026
>FIZ1_2.motif	FIZ1_2.motif	4.354
0.02952	0.0186137	0.930683	0.0211833
0.297148	0.0901817	0.112872	0.499799
0.139329	0.0866414	0.0860588	0.687971
0.336578	0.101667	0.349757	0.211998
0.18532	0.307186	0.20958	0.297914
0.0593945	0.141046	0.228427	0.571132
>FIZ1_3.motif	FIZ1_3.motif	4.87
0.616962	0.164436	0.165408	0.0531936
0.0598802	0.250761	0.0452079	0.644151
0.13538	0.0231516	0.490309	0.351159
0.264815	0.188247	0.0841806	0.462757
0.0370199	0.0170188	0.0950227	0.850939
0.599793	0.0861423	0.118811	0.195254
>FIZ1_4.motif	FIZ1_4.motif	5.595
0.0358727	0.0233524	0.920138	0.0206366
0.929575	0.0232453	0.0285886	0.0185915
0.0966737	0.0665089	0.0834995	0.753318
0.110127	0.0573416	0.743389	0.0891423
0.283742	0.296614	0.214081	0.205563
0.100332	0.302929	0.11495	0.48179
0.041304	0.0376446	0.87687	0.0441817
0.0376218	0.779708	0.104851	0.0778191
0.105728	0.599657	0.163133	0.131482
>FLI1_1.motif	FLI1_1.motif	5.766
0.55	0.08	0.26	0.11
